Analyse erstellt am: 24.02.2020 14:54:05

RKL	Anzahl Links Hof 1	Strecke Links

A1a	894	67.12022971010644	218	15.721161413083463	73	5.703648062815458	190	11.805358063936906	89	5.467416818105773
A1b	1906	157.51460775082168	1460	122.09775213664328	660	56.846921536311655	348	29.698739093036725	810	59.951152663172344
A2a	574	51.93907014664265	407	34.210952713320786	298	29.514241284620468	290	24.458897175451373	211	19.535277798088657
A2b	3698	398.32966416628426	2782	287.1876751240239	1889	199.37877552401088	1862	180.34030329023165	2827	261.80841829787437
A3	2145	257.39798335595344	2842	346.71149875279207	6159	762.0141630616066	2492	290.7786436949868	2907	342.5878612255769
A4	483	55.686814028683095	10025	1314.7854359541805	7839	987.9756113978616	6466	864.9125761861251	8623	1202.9780481839553
B	0	0.0	213	71.0115432412143	254	74.7821438726603	283	104.8949920096989	41	17.349533885408388
C	10	1.0596672645894745	3420	511.51606711314315	5702	804.7977347105342	3090	457.90015835101264	672	108.21571343618855
P	0	0.0	0	0.0	0	0.0	0	0.0	0	0.0
